0 40
0.01 39.8802
0.02 39.7608
0.03 39.6418
0.04 39.5232
0.05 39.405
0.06 39.2872
0.07 39.1698
0.08 39.0528
0.09 38.9362
0.1 38.82
0.11 38.7042
0.12 38.5888
0.13 38.4738
0.14 38.3592
0.15 38.245
0.16 38.1312
0.17 38.0178
0.18 37.9048
0.19 37.7922
0.2 37.68
0.21 37.5682
0.22 37.4568
0.23 37.3458
0.24 37.2352
0.25 37.125
0.26 37.0152
0.27 36.9058
0.28 36.7968
0.29 36.6882
0.3 36.58
0.31 36.4722
0.32 36.3648
0.33 36.2578
0.34 36.1512
0.35 36.045
0.36 35.9392
0.37 35.8338
0.38 35.7288
0.39 35.6242
0.4 35.52
0.41 35.4162
0.42 35.3128
0.43 35.2098
0.44 35.1072
0.45 35.005
0.46 34.9032
0.47 34.8018
0.48 34.7008
0.49 34.6002
0.5 34.5
0.51 34.4002
0.52 34.3008
0.53 34.2018
0.54 34.1032
0.55 34.005
0.56 33.9072
0.57 33.8098
0.58 33.7128
0.59 33.6162
0.6 33.52
0.61 33.4242
0.62 33.3288
0.63 33.2338
0.64 33.1392
0.65 33.045
0.66 32.9512
0.67 32.8578
0.68 32.7648
0.69 32.6722
0.7 32.58
0.71 32.4882
0.72 32.3968
0.73 32.3058
0.74 32.2152
0.75 32.125
0.76 32.0352
0.77 31.9458
0.78 31.8568
0.79 31.7682
0.8 31.68
0.81 31.5922
0.82 31.5048
0.83 31.4178
0.84 31.3312
0.85 31.245
0.86 31.1592
0.87 31.0738
0.88 30.9888
0.89 30.9042
0.9 30.82
0.91 30.7362
0.92 30.6528
0.93 30.5698
0.94 30.4872
0.95 30.405
0.96 30.3232
0.97 30.2418
0.98 30.1608
0.99 30.0802
1 30
1.01 29.9202
1.02 29.8408
1.03 29.7618
1.04 29.6832
1.05 29.605
1.06 29.5272
1.07 29.4498
1.08 29.3728
1.09 29.2962
1.1 29.22
1.11 29.1442
1.12 29.0688
1.13 28.9938
1.14 28.9192
1.15 28.845
1.16 28.7712
1.17 28.6978
1.18 28.6248
1.19 28.5522
1.2 28.48
1.21 28.4082
1.22 28.3368
1.23 28.2658
1.24 28.1952
1.25 28.125
1.26 28.0552
1.27 27.9858
1.28 27.9168
1.29 27.8482
1.3 27.78
1.31 27.7122
1.32 27.6448
1.33 27.5778
1.34 27.5112
1.35 27.445
1.36 27.3792
1.37 27.3138
1.38 27.2488
1.39 27.1842
1.4 27.12
1.41 27.0562
1.42 26.9928
1.43 26.9298
1.44 26.8672
1.45 26.805
1.46 26.7432
1.47 26.6818
1.48 26.6208
1.49 26.5602
1.5 26.5
1.51 26.4402
1.52 26.3808
1.53 26.3218
1.54 26.2632
1.55 26.205
1.56 26.1472
1.57 26.0898
1.58 26.0328
1.59 25.9762
1.6 25.92
1.61 25.8642
1.62 25.8088
1.63 25.7538
1.64 25.6992
1.65 25.645
1.66 25.5912
1.67 25.5378
1.68 25.4848
1.69 25.4322
1.7 25.38
1.71 25.3282
1.72 25.2768
1.73 25.2258
1.74 25.1752
1.75 25.125
1.76 25.0752
1.77 25.0258
1.78 24.9768
1.79 24.9282
1.8 24.88
1.81 24.8322
1.82 24.7848
1.83 24.7378
1.84 24.6912
1.85 24.645
1.86 24.5992
1.87 24.5538
1.88 24.5088
1.89 24.4642
1.9 24.42
1.91 24.3762
1.92 24.3328
1.93 24.2898
1.94 24.2472
1.95 24.205
1.96 24.1632
1.97 24.1218
1.98 24.0808
1.99 24.0402
2 24
2.01 23.9602
2.02 23.9208
2.03 23.8818
2.04 23.8432
2.05 23.805
2.06 23.7672
2.07 23.7298
2.08 23.6928
2.09 23.6562
2.1 23.62
2.11 23.5842
2.12 23.5488
2.13 23.5138
2.14 23.4792
2.15 23.445
2.16 23.4112
2.17 23.3778
2.18 23.3448
2.19 23.3122
2.2 23.28
2.21 23.2482
2.22 23.2168
2.23 23.1858
2.24 23.1552
2.25 23.125
2.26 23.0952
2.27 23.0658
2.28 23.0368
2.29 23.0082
2.3 22.98
2.31 22.9522
2.32 22.9248
2.33 22.8978
2.34 22.8712
2.35 22.845
2.36 22.8192
2.37 22.7938
2.38 22.7688
2.39 22.7442
2.4 22.72
2.41 22.6962
2.42 22.6728
2.43 22.6498
2.44 22.6272
2.45 22.605
2.46 22.5832
2.47 22.5618
2.48 22.5408
2.49 22.5202
2.5 22.5
2.51 22.4802
2.52 22.4608
2.53 22.4418
2.54 22.4232
2.55 22.405
2.56 22.3872
2.57 22.3698
2.58 22.3528
2.59 22.3362
2.6 22.32
2.61 22.3042
2.62 22.2888
2.63 22.2738
2.64 22.2592
2.65 22.245
2.66 22.2312
2.67 22.2178
2.68 22.2048
2.69 22.1922
2.7 22.18
2.71 22.1682
2.72 22.1568
2.73 22.1458
2.74 22.1352
2.75 22.125
2.76 22.1152
2.77 22.1058
2.78 22.0968
2.79 22.0882
2.8 22.08
2.81 22.0722
2.82 22.0648
2.83 22.0578
2.84 22.0512
2.85 22.045
2.86 22.0392
2.87 22.0338
2.88 22.0288
2.89 22.0242
2.9 22.02
2.91 22.0162
2.92 22.0128
2.93 22.0098
2.94 22.0072
2.95 22.005
2.96 22.0032
2.97 22.0018
2.98 22.0008
2.99 22.0002
3 22
3.01 22.0002
3.02 22.0008
3.03 22.0018
3.04 22.0032
3.05 22.005
3.06 22.0072
3.07 22.0098
3.08 22.0128
3.09 22.0162
3.1 22.02
3.11 22.0242
3.12 22.0288
3.13 22.0338
3.14 22.0392
3.15 22.045
3.16 22.0512
3.17 22.0578
3.18 22.0648
3.19 22.0722
3.2 22.08
3.21 22.0882
3.22 22.0968
3.23 22.1058
3.24 22.1152
3.25 22.125
3.26 22.1352
3.27 22.1458
3.28 22.1568
3.29 22.1682
3.3 22.18
3.31 22.1922
3.32 22.2048
3.33 22.2178
3.34 22.2312
3.35 22.245
3.36 22.2592
3.37 22.2738
3.38 22.2888
3.39 22.3042
3.4 22.32
3.41 22.3362
3.42 22.3528
3.43 22.3698
3.44 22.3872
3.45 22.405
3.46 22.4232
3.47 22.4418
3.48 22.4608
3.49 22.4802
3.5 22.5
3.51 22.5202
3.52 22.5408
3.53 22.5618
3.54 22.5832
3.55 22.605
3.56 22.6272
3.57 22.6498
3.58 22.6728
3.59 22.6962
3.6 22.72
3.61 22.7442
3.62 22.7688
3.63 22.7938
3.64 22.8192
3.65 22.845
3.66 22.8712
3.67 22.8978
3.68 22.9248
3.69 22.9522
3.7 22.98
3.71 23.0082
3.72 23.0368
3.73 23.0658
3.74 23.0952
3.75 23.125
3.76 23.1552
3.77 23.1858
3.78 23.2168
3.79 23.2482
3.8 23.28
3.81 23.3122
3.82 23.3448
3.83 23.3778
3.84 23.4112
3.85 23.445
3.86 23.4792
3.87 23.5138
3.88 23.5488
3.89 23.5842
3.9 23.62
3.91 23.6562
3.92 23.6928
3.93 23.7298
3.94 23.7672
3.95 23.805
3.96 23.8432
3.97 23.8818
3.98 23.9208
3.99 23.9602
4 24
4.01 24.0402
4.02 24.0808
4.03 24.1218
4.04 24.1632
4.05 24.205
4.06 24.2472
4.07 24.2898
4.08 24.3328
4.09 24.3762
4.1 24.42
4.11 24.4642
4.12 24.5088
4.13 24.5538
4.14 24.5992
4.15 24.645
4.16 24.6912
4.17 24.7378
4.18 24.7848
4.19 24.8322
4.2 24.88
4.21 24.9282
4.22 24.9768
4.23 25.0258
4.24 25.0752
4.25 25.125
4.26 25.1752
4.27 25.2258
4.28 25.2768
4.29 25.3282
4.3 25.38
4.31 25.4322
4.32 25.4848
4.33 25.5378
4.34 25.5912
4.35 25.645
4.36 25.6992
4.37 25.7538
4.38 25.8088
4.39 25.8642
4.4 25.92
4.41 25.9762
4.42 26.0328
4.43 26.0898
4.44 26.1472
4.45 26.205
4.46 26.2632
4.47 26.3218
4.48 26.3808
4.49 26.4402
4.5 26.5
4.51 26.5602
4.52 26.6208
4.53 26.6818
4.54 26.7432
4.55 26.805
4.56 26.8672
4.57 26.9298
4.58 26.9928
4.59 27.0562
4.6 27.12
4.61 27.1842
4.62 27.2488
4.63 27.3138
4.64 27.3792
4.65 27.445
4.66 27.5112
4.67 27.5778
4.68 27.6448
4.69 27.7122
4.7 27.78
4.71 27.8482
4.72 27.9168
4.73 27.9858
4.74 28.0552
4.75 28.125
4.76 28.1952
4.77 28.2658
4.78 28.3368
4.79 28.4082
4.8 28.48
4.81 28.5522
4.82 28.6248
4.83 28.6978
4.84 28.7712
4.85 28.845
4.86 28.9192
4.87 28.9938
4.88 29.0688
4.89 29.1442
4.9 29.22
4.91 29.2962
4.92 29.3728
4.93 29.4498
4.94 29.5272
4.95 29.605
4.96 29.6832
4.97 29.7618
4.98 29.8408
4.99 29.9202
5 30
5.01 30.0802
5.02 30.1608
5.03 30.2418
5.04 30.3232
5.05 30.405
5.06 30.4872
5.07 30.5698
5.08 30.6528
5.09 30.7362
5.1 30.82
5.11 30.9042
5.12 30.9888
5.13 31.0738
5.14 31.1592
5.15 31.245
5.16 31.3312
5.17 31.4178
5.18 31.5048
5.19 31.5922
5.2 31.68
5.21 31.7682
5.22 31.8568
5.23 31.9458
5.24 32.0352
5.25 32.125
5.26 32.2152
5.27 32.3058
5.28 32.3968
5.29 32.4882
5.3 32.58
5.31 32.6722
5.32 32.7648
5.33 32.8578
5.34 32.9512
5.35 33.045
5.36 33.1392
5.37 33.2338
5.38 33.3288
5.39 33.4242
5.4 33.52
5.41 33.6162
5.42 33.7128
5.43 33.8098
5.44 33.9072
5.45 34.005
5.46 34.1032
5.47 34.2018
5.48 34.3008
5.49 34.4002
5.5 34.5
5.51 34.6002
5.52 34.7008
5.53 34.8018
5.54 34.9032
5.55 35.005
5.56 35.1072
5.57 35.2098
5.58 35.3128
5.59 35.4162
5.6 35.52
5.61 35.6242
5.62 35.7288
5.63 35.8338
5.64 35.9392
5.65 36.045
5.66 36.1512
5.67 36.2578
5.68 36.3648
5.69 36.4722
5.7 36.58
5.71 36.6882
5.72 36.7968
5.73 36.9058
5.74 37.0152
5.75 37.125
5.76 37.2352
5.77 37.3458
5.78 37.4568
5.79 37.5682
5.8 37.68
5.81 37.7922
5.82 37.9048
5.83 38.0178
5.84 38.1312
5.85 38.245
5.86 38.3592
5.87 38.4738
5.88 38.5888
5.89 38.7042
5.9 38.82
5.91 38.9362
5.92 39.0528
5.93 39.1698
5.94 39.2872
5.95 39.405
5.96 39.5232
5.97 39.6418
5.98 39.7608
5.99 39.8802
6 40
6.01 40.1202
6.02 40.2408
6.03 40.3618
6.04 40.4832
6.05 40.605
6.06 40.7272
6.07 40.8498
6.08 40.9728
6.09 41.0962
6.1 41.22
6.11 41.3442
6.12 41.4688
6.13 41.5938
6.14 41.7192
6.15 41.845
6.16 41.9712
6.17 42.0978
6.18 42.2248
6.19 42.3522
6.2 42.48
6.21 42.6082
6.22 42.7368
6.23 42.8658
6.24 42.9952
6.25 43.125
6.26 43.2552
6.27 43.3858
6.28 43.5168
6.29 43.6482
6.3 43.78
6.31 43.9122
6.32 44.0448
6.33 44.1778
6.34 44.3112
6.35 44.445
6.36 44.5792
6.37 44.7138
6.38 44.8488
6.39 44.9842
6.4 45.12
6.41 45.2562
6.42 45.3928
6.43 45.5298
6.44 45.6672
6.45 45.805
6.46 45.9432
6.47 46.0818
6.48 46.2208
6.49 46.3602
6.5 46.5
6.51 46.6402
6.52 46.7808
6.53 46.9218
6.54 47.0632
6.55 47.205
6.56 47.3472
6.57 47.4898
6.58 47.6328
6.59 47.7762
6.6 47.92
6.61 48.0642
6.62 48.2088
6.63 48.3538
6.64 48.4992
6.65 48.645
6.66 48.7912
6.67 48.9378
6.68 49.0848
6.69 49.2322
6.7 49.38
6.71 49.5282
6.72 49.6768
6.73 49.8258
6.74 49.9752
6.75 50.125
6.76 50.2752
6.77 50.4258
6.78 50.5768
6.79 50.7282
6.8 50.88
6.81 51.0322
6.82 51.1848
6.83 51.3378
6.84 51.4912
6.85 51.645
6.86 51.7992
6.87 51.9538
6.88 52.1088
6.89 52.2642
6.9 52.42
6.91 52.5762
6.92 52.7328
6.93 52.8898
6.94 53.0472
6.95 53.205
6.96 53.3632
6.97 53.5218
6.98 53.6808
6.99 53.8402
7 54
7.01 54.1602
7.02 54.3208
7.03 54.4818
7.04 54.6432
7.05 54.805
7.06 54.9672
7.07 55.1298
7.08 55.2928
7.09 55.4562
7.1 55.62
7.11 55.7842
7.12 55.9488
7.13 56.1138
7.14 56.2792
7.15 56.445
7.16 56.6112
7.17 56.7778
7.18 56.9448
7.19 57.1122
7.2 57.28
7.21 57.4482
7.22 57.6168
7.23 57.7858
7.24 57.9552
7.25 58.125
7.26 58.2952
7.27 58.4658
7.28 58.6368
7.29 58.8082
7.3 58.98
7.31 59.1522
7.32 59.3248
7.33 59.4978
7.34 59.6712
7.35 59.845
7.36 60.0192
7.37 60.1938
7.38 60.3688
7.39 60.5442
7.4 60.72
7.41 60.8962
7.42 61.0728
7.43 61.2498
7.44 61.4272
7.45 61.605
7.46 61.7832
7.47 61.9618
7.48 62.1408
7.49 62.3202
7.5 62.5
7.51 62.6802
7.52 62.8608
7.53 63.0418
7.54 63.2232
7.55 63.405
7.56 63.5872
7.57 63.7698
7.58 63.9528
7.59 64.1362
7.6 64.32
7.61 64.5042
7.62 64.6888
7.63 64.8738
7.64 65.0592
7.65 65.245
7.66 65.4312
7.67 65.6178
7.68 65.8048
7.69 65.9922
7.7 66.18
7.71 66.3682
7.72 66.5568
7.73 66.7458
7.74 66.9352
7.75 67.125
7.76 67.3152
7.77 67.5058
7.78 67.6968
7.79 67.8882
7.8 68.08
7.81 68.2722
7.82 68.4648
7.83 68.6578
7.84 68.8512
7.85 69.045
7.86 69.2392
7.87 69.4338
7.88 69.6288
7.89 69.8242
7.9 70.02
7.91 70.2162
7.92 70.4128
7.93 70.6098
7.94 70.8072
7.95 71.005
7.96 71.2032
7.97 71.4018
7.98 71.6008
7.99 71.8002
8 72
8.01 72.2002
8.02 72.4008
8.03 72.6018
8.04 72.8032
8.05 73.005
8.06 73.2072
8.07 73.4098
8.08 73.6128
8.09 73.8162
8.1 74.02
8.11 74.2242
8.12 74.4288
8.13 74.6338
8.14 74.8392
8.15 75.045
8.16 75.2512
8.17 75.4578
8.18 75.6648
8.19 75.8722
8.2 76.08
8.21 76.2882
8.22 76.4968
8.23 76.7058
8.24 76.9152
8.25 77.125
8.26 77.3352
8.27 77.5458
8.28 77.7568
8.29 77.9682
8.3 78.18
8.31 78.3922
8.32 78.6048
8.33 78.8178
8.34 79.0312
8.35 79.245
8.36 79.4592
8.37 79.6738
8.38 79.8888
8.39 80.1042
8.4 80.32
8.41 80.5362
8.42 80.7528
8.43 80.9698
8.44 81.1872
8.45 81.405
8.46 81.6232
8.47 81.8418
8.48 82.0608
8.49 82.2802
8.5 82.5
8.51 82.7202
8.52 82.9408
8.53 83.1618
8.54 83.3832
8.55 83.605
8.56 83.8272
8.57 84.0498
8.58 84.2728
8.59 84.4962
8.6 84.72
8.61 84.9442
8.62 85.1688
8.63 85.3938
8.64 85.6192
8.65 85.845
8.66 86.0712
8.67 86.2978
8.68 86.5248
8.69 86.7522
8.7 86.98
8.71 87.2082
8.72 87.4368
8.73 87.6658
8.74 87.8952
8.75 88.125
8.76 88.3552
8.77 88.5858
8.78 88.8168
8.79 89.0482
8.8 89.28
8.81 89.5122
8.82 89.7448
8.83 89.9778
8.84 90.2112
8.85 90.445
8.86 90.6792
8.87 90.9138
8.88 91.1488
8.89 91.3842
8.9 91.62
8.91 91.8562
8.92 92.0928
8.93 92.3298
8.94 92.5672
8.95 92.805
8.96 93.0432
8.97 93.2818
8.98 93.5208
8.99 93.7602
9 94
9.01 94.2402
9.02 94.4808
9.03 94.7218
9.04 94.9632
9.05 95.205
9.06 95.4472
9.07 95.6898
9.08 95.9328
9.09 96.1762
9.1 96.42
9.11 96.6642
9.12 96.9088
9.13 97.1538
9.14 97.3992
9.15 97.645
9.16 97.8912
9.17 98.1378
9.18 98.3848
9.19 98.6322
9.2 98.88
9.21 99.1282
9.22 99.3768
9.23 99.6258
9.24 99.8752
9.25 100.125
9.26 100.375
9.27 100.626
9.28 100.877
9.29 101.128
9.3 101.38
9.31 101.632
9.32 101.885
9.33 102.138
9.34 102.391
9.35 102.645
9.36 102.899
9.37 103.154
9.38 103.409
9.39 103.664
9.4 103.92
9.41 104.176
9.42 104.433
9.43 104.69
9.44 104.947
9.45 105.205
9.46 105.463
9.47 105.722
9.48 105.981
9.49 106.24
9.5 106.5
9.51 106.76
9.52 107.021
9.53 107.282
9.54 107.543
9.55 107.805
9.56 108.067
9.57 108.33
9.58 108.593
9.59 108.856
9.6 109.12
9.61 109.384
9.62 109.649
9.63 109.914
9.64 110.179
9.65 110.445
9.66 110.711
9.67 110.978
9.68 111.245
9.69 111.512
9.7 111.78
9.71 112.048
9.72 112.317
9.73 112.586
9.74 112.855
9.75 113.125
9.76 113.395
9.77 113.666
9.78 113.937
9.79 114.208
9.8 114.48
9.81 114.752
9.82 115.025
9.83 115.298
9.84 115.571
9.85 115.845
9.86 116.119
9.87 116.394
9.88 116.669
9.89 116.944
9.9 117.22
9.91 117.496
9.92 117.773
9.93 118.05
9.94 118.327
9.95 118.605
9.96 118.883
9.97 119.162
9.98 119.441
9.99 119.72
