1 0
1 1
2 1
2 2
3 2
3 3
4 3
4 4
5 4
5 5
6 5
6 6
7 6
7 7
8 7
8 8
9 8
9 9
10 9
10 10
11 10
11 11
12 11
12 12
13 12
13 13
14 13
14 14
15 14
15 15
16 15
16 16
17 16
17 17
18 17
18 18
19 18
19 19
20 19
20 20
21 20
21 21
22 21
22 22
23 22
23 23
24 23
24 24
25 24
25 25
26 25
26 26
27 26
27 27
28 27
28 28
29 28
29 29
30 29
30 30
31 30
31 31
32 31
32 32
33 32
33 33
34 33
34 34
35 34
35 35
36 35
36 36
37 36
37 37
38 37
38 38
39 38
39 39
40 39
40 40
41 40
41 41
42 41
42 42
43 42
43 43
44 43
44 44
45 44
45 45
46 45
46 46
47 46
47 47
48 47
48 48
49 48
49 49
50 49
50 50
1 1
2 2
3 3
4 4
5 5
6 6
7 7
8 8
9 9
10 10
11 11
12 12
13 13
14 14
15 15
16 16
17 17
18 18
19 19
20 20
21 21
22 22
23 23
24 24
25 25
26 26
27 27
28 28
29 29
30 30
31 31
32 32
33 33
34 34
35 35
36 36
37 37
38 38
39 39
40 40
41 41
42 42
43 43
44 44
45 45
46 46
47 47
48 48
49 49
50 50
51 51
52 52
53 53
54 54
55 55
56 56
57 57
58 58
59 59
60 60
61 61
62 62
63 63
64 64
65 65
66 66
67 67
68 68
69 69
70 70
71 71
72 72
73 73
74 74
75 75
76 76
77 77
78 78
79 79
80 80
81 81
82 82
83 83
84 84
85 85
86 86
87 87
88 88
89 89
90 90
91 91
92 92
93 93
94 94
95 95
96 96
97 97
98 98
99 99
100 100
2 1
3 3
5 4
6 6
8 7
9 9
11 10
12 12
14 13
15 15
17 16
18 18
20 19
21 21
23 22
24 24
26 25
27 27
29 28
30 30
32 31
33 33
35 34
36 36
38 37
39 39
41 40
42 42
44 43
45 45
47 46
48 48
50 49
51 51
53 52
54 54
56 55
57 57
59 58
60 60
62 61
63 63
65 64
66 66
68 67
69 69
71 70
72 72
74 73
75 75
77 76
78 78
80 79
81 81
83 82
84 84
86 85
87 87
89 88
90 90
92 91
93 93
95 94
96 96
98 97
99 99
2 2
4 4
6 6
8 8
10 10
12 12
14 14
16 16
18 18
20 20
22 22
24 24
26 26
28 28
30 30
32 32
34 34
36 36
38 38
40 40
42 42
44 44
46 46
48 48
50 50
52 52
54 54
56 56
58 58
60 60
62 62
64 64
66 66
68 68
70 70
72 72
74 74
76 76
78 78
80 80
82 82
84 84
86 86
88 88
90 90
92 92
94 94
96 96
98 98
100 100
3 2
5 5
8 7
10 10
13 12
15 15
18 17
20 20
23 22
25 25
28 27
30 30
33 32
35 35
38 37
40 40
43 42
45 45
48 47
50 50
53 52
55 55
58 57
60 60
63 62
65 65
68 67
70 70
73 72
75 75
78 77
80 80
83 82
85 85
88 87
90 90
93 92
95 95
98 97
100 100
3 3
6 6
9 9
12 12
15 15
18 18
21 21
24 24
27 27
30 30
33 33
36 36
39 39
42 42
45 45
48 48
51 51
54 54
57 57
60 60
63 63
66 66
69 69
72 72
75 75
78 78
81 81
84 84
87 87
90 90
93 93
96 96
99 99
4 3
7 7
11 10
14 14
18 17
21 21
25 24
28 28
32 31
35 35
39 38
42 42
46 45
49 49
53 52
56 56
60 59
63 63
67 66
70 70
74 73
77 77
81 80
84 84
88 87
91 91
95 94
98 98
4 4
8 8
12 12
16 16
20 20
24 24
28 28
32 32
36 36
40 40
44 44
48 48
52 52
56 56
60 60
64 64
68 68
72 72
76 76
80 80
84 84
88 88
92 92
96 96
100 100
5 4
9 9
14 13
18 18
23 22
27 27
32 31
36 36
41 40
45 45
50 49
54 54
59 58
63 63
68 67
72 72
77 76
81 81
86 85
90 90
95 94
99 99
5 5
10 10
15 15
20 20
25 25
30 30
35 35
40 40
45 45
50 50
55 55
60 60
65 65
70 70
75 75
80 80
85 85
90 90
95 95
100 100
6 5
11 11
17 16
22 22
28 27
33 33
39 38
44 44
50 49
55 55
61 60
66 66
72 71
77 77
83 82
88 88
94 93
99 99
6 6
12 12
18 18
24 24
30 30
36 36
42 42
48 48
54 54
60 60
66 66
72 72
78 78
84 84
90 90
96 96
7 6
13 13
20 19
26 26
33 32
39 39
46 45
52 52
59 58
65 65
72 71
78 78
85 84
91 91
98 97
7 7
14 14
21 21
28 28
35 35
42 42
49 49
56 56
63 63
70 70
77 77
84 84
91 91
98 98
8 7
15 15
23 22
30 30
38 37
45 45
53 52
60 60
68 67
75 75
83 82
90 90
98 97
8 8
16 16
24 24
32 32
40 40
48 48
56 56
64 64
72 72
80 80
88 88
96 96
9 8
17 17
26 25
34 34
43 42
51 51
60 59
68 68
77 76
85 85
94 93
9 9
18 18
27 27
36 36
45 45
54 54
63 63
72 72
81 81
90 90
99 99
10 9
19 19
29 28
38 38
48 47
57 57
67 66
76 76
86 85
95 95
10 10
20 20
30 30
40 40
50 50
60 60
70 70
80 80
90 90
100 100
11 10
21 21
32 31
42 42
53 52
63 63
74 73
84 84
95 94
11 11
22 22
33 33
44 44
55 55
66 66
77 77
88 88
99 99
12 11
23 23
35 34
46 46
58 57
69 69
81 80
92 92
12 12
24 24
36 36
48 48
60 60
72 72
84 84
96 96
13 12
25 25
38 37
50 50
63 62
75 75
88 87
100 100
13 13
26 26
39 39
52 52
65 65
78 78
91 91
14 13
27 27
41 40
54 54
68 67
81 81
95 94
14 14
28 28
42 42
56 56
70 70
84 84
98 98
15 14
29 29
44 43
58 58
73 72
87 87
15 15
30 30
45 45
60 60
75 75
90 90
16 15
31 31
47 46
62 62
78 77
93 93
16 16
32 32
48 48
64 64
80 80
96 96
17 16
33 33
50 49
66 66
83 82
99 99
17 17
34 34
51 51
68 68
85 85
18 17
35 35
53 52
70 70
88 87
18 18
36 36
54 54
72 72
90 90
19 18
37 37
56 55
74 74
93 92
19 19
38 38
57 57
76 76
95 95
20 19
39 39
59 58
78 78
98 97
20 20
40 40
60 60
80 80
100 100
21 20
41 41
62 61
82 82
21 21
42 42
63 63
84 84
22 21
43 43
65 64
86 86
22 22
44 44
66 66
88 88
23 22
45 45
68 67
90 90
23 23
46 46
69 69
92 92
24 23
47 47
71 70
94 94
24 24
48 48
72 72
96 96
25 24
49 49
74 73
98 98
25 25
50 50
75 75
100 100
26 25
51 51
77 76
26 26
52 52
78 78
27 26
53 53
80 79
27 27
54 54
81 81
28 27
55 55
83 82
28 28
56 56
84 84
29 28
57 57
86 85
29 29
58 58
87 87
30 29
59 59
89 88
30 30
60 60
90 90
31 30
61 61
92 91
31 31
62 62
93 93
32 31
63 63
95 94
32 32
64 64
96 96
33 32
65 65
98 97
33 33
66 66
99 99
34 33
67 67
34 34
68 68
35 34
69 69
35 35
70 70
36 35
71 71
36 36
72 72
37 36
73 73
37 37
74 74
38 37
75 75
38 38
76 76
39 38
77 77
39 39
78 78
40 39
79 79
40 40
80 80
41 40
81 81
41 41
82 82
42 41
83 83
42 42
84 84
43 42
85 85
43 43
86 86
44 43
87 87
44 44
88 88
45 44
89 89
45 45
90 90
46 45
91 91
46 46
92 92
47 46
93 93
47 47
94 94
48 47
95 95
48 48
96 96
49 48
97 97
49 49
98 98
50 49
99 99
50 50
100 100
1 1 0 0 0 0 0 0 0 0 0 0 0 0 0 0 0 0 0 0 0 0 0 0 0 0 0 0 0 0 0 0 0 0 0 0 0 0 0 0 0 0 0 0 0 0 0 0 0 0 
1 1 1 0 0 0 0 0 0 0 0 0 0 0 0 0 0 0 0 0 0 0 0 0 0 0 0 0 0 0 0 0 0 0 0 0 0 0 0 0 0 0 0 0 0 0 0 0 0 0 
0 1 1 1 0 0 0 0 0 0 0 0 0 0 0 0 0 0 0 0 0 0 0 0 0 0 0 0 0 0 0 0 0 0 0 0 0 0 0 0 0 0 0 0 0 0 0 0 0 0 
0 0 1 1 1 0 0 0 0 0 0 0 0 0 0 0 0 0 0 0 0 0 0 0 0 0 0 0 0 0 0 0 0 0 0 0 0 0 0 0 0 0 0 0 0 0 0 0 0 0 
0 0 0 1 1 1 0 0 0 0 0 0 0 0 0 0 0 0 0 0 0 0 0 0 0 0 0 0 0 0 0 0 0 0 0 0 0 0 0 0 0 0 0 0 0 0 0 0 0 0 
0 0 0 0 1 1 1 0 0 0 0 0 0 0 0 0 0 0 0 0 0 0 0 0 0 0 0 0 0 0 0 0 0 0 0 0 0 0 0 0 0 0 0 0 0 0 0 0 0 0 
0 0 0 0 0 1 1 1 0 0 0 0 0 0 0 0 0 0 0 0 0 0 0 0 0 0 0 0 0 0 0 0 0 0 0 0 0 0 0 0 0 0 0 0 0 0 0 0 0 0 
0 0 0 0 0 0 1 1 1 0 0 0 0 0 0 0 0 0 0 0 0 0 0 0 0 0 0 0 0 0 0 0 0 0 0 0 0 0 0 0 0 0 0 0 0 0 0 0 0 0 
0 0 0 0 0 0 0 1 1 1 0 0 0 0 0 0 0 0 0 0 0 0 0 0 0 0 0 0 0 0 0 0 0 0 0 0 0 0 0 0 0 0 0 0 0 0 0 0 0 0 
0 0 0 0 0 0 0 0 1 1 1 0 0 0 0 0 0 0 0 0 0 0 0 0 0 0 0 0 0 0 0 0 0 0 0 0 0 0 0 0 0 0 0 0 0 0 0 0 0 0 
0 0 0 0 0 0 0 0 0 1 1 1 0 0 0 0 0 0 0 0 0 0 0 0 0 0 0 0 0 0 0 0 0 0 0 0 0 0 0 0 0 0 0 0 0 0 0 0 0 0 
0 0 0 0 0 0 0 0 0 0 1 1 1 0 0 0 0 0 0 0 0 0 0 0 0 0 0 0 0 0 0 0 0 0 0 0 0 0 0 0 0 0 0 0 0 0 0 0 0 0 
0 0 0 0 0 0 0 0 0 0 0 1 1 1 0 0 0 0 0 0 0 0 0 0 0 0 0 0 0 0 0 0 0 0 0 0 0 0 0 0 0 0 0 0 0 0 0 0 0 0 
0 0 0 0 0 0 0 0 0 0 0 0 1 1 1 0 0 0 0 0 0 0 0 0 0 0 0 0 0 0 0 0 0 0 0 0 0 0 0 0 0 0 0 0 0 0 0 0 0 0 
0 0 0 0 0 0 0 0 0 0 0 0 0 1 1 1 0 0 0 0 0 0 0 0 0 0 0 0 0 0 0 0 0 0 0 0 0 0 0 0 0 0 0 0 0 0 0 0 0 0 
0 0 0 0 0 0 0 0 0 0 0 0 0 0 1 1 1 0 0 0 0 0 0 0 0 0 0 0 0 0 0 0 0 0 0 0 0 0 0 0 0 0 0 0 0 0 0 0 0 0 
0 0 0 0 0 0 0 0 0 0 0 0 0 0 0 1 1 1 0 0 0 0 0 0 0 0 0 0 0 0 0 0 0 0 0 0 0 0 0 0 0 0 0 0 0 0 0 0 0 0 
0 0 0 0 0 0 0 0 0 0 0 0 0 0 0 0 1 1 1 0 0 0 0 0 0 0 0 0 0 0 0 0 0 0 0 0 0 0 0 0 0 0 0 0 0 0 0 0 0 0 
0 0 0 0 0 0 0 0 0 0 0 0 0 0 0 0 0 1 1 1 0 0 0 0 0 0 0 0 0 0 0 0 0 0 0 0 0 0 0 0 0 0 0 0 0 0 0 0 0 0 
0 0 0 0 0 0 0 0 0 0 0 0 0 0 0 0 0 0 1 1 1 0 0 0 0 0 0 0 0 0 0 0 0 0 0 0 0 0 0 0 0 0 0 0 0 0 0 0 0 0 
0 0 0 0 0 0 0 0 0 0 0 0 0 0 0 0 0 0 0 1 1 1 0 0 0 0 0 0 0 0 0 0 0 0 0 0 0 0 0 0 0 0 0 0 0 0 0 0 0 0 
0 0 0 0 0 0 0 0 0 0 0 0 0 0 0 0 0 0 0 0 1 1 1 0 0 0 0 0 0 0 0 0 0 0 0 0 0 0 0 0 0 0 0 0 0 0 0 0 0 0 
0 0 0 0 0 0 0 0 0 0 0 0 0 0 0 0 0 0 0 0 0 1 1 1 0 0 0 0 0 0 0 0 0 0 0 0 0 0 0 0 0 0 0 0 0 0 0 0 0 0 
0 0 0 0 0 0 0 0 0 0 0 0 0 0 0 0 0 0 0 0 0 0 1 1 1 0 0 0 0 0 0 0 0 0 0 0 0 0 0 0 0 0 0 0 0 0 0 0 0 0 
0 0 0 0 0 0 0 0 0 0 0 0 0 0 0 0 0 0 0 0 0 0 0 1 1 1 0 0 0 0 0 0 0 0 0 0 0 0 0 0 0 0 0 0 0 0 0 0 0 0 
0 0 0 0 0 0 0 0 0 0 0 0 0 0 0 0 0 0 0 0 0 0 0 0 1 1 1 0 0 0 0 0 0 0 0 0 0 0 0 0 0 0 0 0 0 0 0 0 0 0 
0 0 0 0 0 0 0 0 0 0 0 0 0 0 0 0 0 0 0 0 0 0 0 0 0 1 1 1 0 0 0 0 0 0 0 0 0 0 0 0 0 0 0 0 0 0 0 0 0 0 
0 0 0 0 0 0 0 0 0 0 0 0 0 0 0 0 0 0 0 0 0 0 0 0 0 0 1 1 1 0 0 0 0 0 0 0 0 0 0 0 0 0 0 0 0 0 0 0 0 0 
0 0 0 0 0 0 0 0 0 0 0 0 0 0 0 0 0 0 0 0 0 0 0 0 0 0 0 1 1 1 0 0 0 0 0 0 0 0 0 0 0 0 0 0 0 0 0 0 0 0 
0 0 0 0 0 0 0 0 0 0 0 0 0 0 0 0 0 0 0 0 0 0 0 0 0 0 0 0 1 1 1 0 0 0 0 0 0 0 0 0 0 0 0 0 0 0 0 0 0 0 
0 0 0 0 0 0 0 0 0 0 0 0 0 0 0 0 0 0 0 0 0 0 0 0 0 0 0 0 0 1 1 1 0 0 0 0 0 0 0 0 0 0 0 0 0 0 0 0 0 0 
0 0 0 0 0 0 0 0 0 0 0 0 0 0 0 0 0 0 0 0 0 0 0 0 0 0 0 0 0 0 1 1 1 0 0 0 0 0 0 0 0 0 0 0 0 0 0 0 0 0 
0 0 0 0 0 0 0 0 0 0 0 0 0 0 0 0 0 0 0 0 0 0 0 0 0 0 0 0 0 0 0 1 1 1 0 0 0 0 0 0 0 0 0 0 0 0 0 0 0 0 
0 0 0 0 0 0 0 0 0 0 0 0 0 0 0 0 0 0 0 0 0 0 0 0 0 0 0 0 0 0 0 0 1 1 1 0 0 0 0 0 0 0 0 0 0 0 0 0 0 0 
0 0 0 0 0 0 0 0 0 0 0 0 0 0 0 0 0 0 0 0 0 0 0 0 0 0 0 0 0 0 0 0 0 1 1 1 0 0 0 0 0 0 0 0 0 0 0 0 0 0 
0 0 0 0 0 0 0 0 0 0 0 0 0 0 0 0 0 0 0 0 0 0 0 0 0 0 0 0 0 0 0 0 0 0 1 1 1 0 0 0 0 0 0 0 0 0 0 0 0 0 
0 0 0 0 0 0 0 0 0 0 0 0 0 0 0 0 0 0 0 0 0 0 0 0 0 0 0 0 0 0 0 0 0 0 0 1 1 1 0 0 0 0 0 0 0 0 0 0 0 0 
0 0 0 0 0 0 0 0 0 0 0 0 0 0 0 0 0 0 0 0 0 0 0 0 0 0 0 0 0 0 0 0 0 0 0 0 1 1 1 0 0 0 0 0 0 0 0 0 0 0 
0 0 0 0 0 0 0 0 0 0 0 0 0 0 0 0 0 0 0 0 0 0 0 0 0 0 0 0 0 0 0 0 0 0 0 0 0 1 1 1 0 0 0 0 0 0 0 0 0 0 
0 0 0 0 0 0 0 0 0 0 0 0 0 0 0 0 0 0 0 0 0 0 0 0 0 0 0 0 0 0 0 0 0 0 0 0 0 0 1 1 1 0 0 0 0 0 0 0 0 0 
0 0 0 0 0 0 0 0 0 0 0 0 0 0 0 0 0 0 0 0 0 0 0 0 0 0 0 0 0 0 0 0 0 0 0 0 0 0 0 1 1 1 0 0 0 0 0 0 0 0 
0 0 0 0 0 0 0 0 0 0 0 0 0 0 0 0 0 0 0 0 0 0 0 0 0 0 0 0 0 0 0 0 0 0 0 0 0 0 0 0 1 1 1 0 0 0 0 0 0 0 
0 0 0 0 0 0 0 0 0 0 0 0 0 0 0 0 0 0 0 0 0 0 0 0 0 0 0 0 0 0 0 0 0 0 0 0 0 0 0 0 0 1 1 1 0 0 0 0 0 0 
0 0 0 0 0 0 0 0 0 0 0 0 0 0 0 0 0 0 0 0 0 0 0 0 0 0 0 0 0 0 0 0 0 0 0 0 0 0 0 0 0 0 1 1 1 0 0 0 0 0 
0 0 0 0 0 0 0 0 0 0 0 0 0 0 0 0 0 0 0 0 0 0 0 0 0 0 0 0 0 0 0 0 0 0 0 0 0 0 0 0 0 0 0 1 1 1 0 0 0 0 
0 0 0 0 0 0 0 0 0 0 0 0 0 0 0 0 0 0 0 0 0 0 0 0 0 0 0 0 0 0 0 0 0 0 0 0 0 0 0 0 0 0 0 0 1 1 1 0 0 0 
0 0 0 0 0 0 0 0 0 0 0 0 0 0 0 0 0 0 0 0 0 0 0 0 0 0 0 0 0 0 0 0 0 0 0 0 0 0 0 0 0 0 0 0 0 1 1 1 0 0 
0 0 0 0 0 0 0 0 0 0 0 0 0 0 0 0 0 0 0 0 0 0 0 0 0 0 0 0 0 0 0 0 0 0 0 0 0 0 0 0 0 0 0 0 0 0 1 1 1 0 
0 0 0 0 0 0 0 0 0 0 0 0 0 0 0 0 0 0 0 0 0 0 0 0 0 0 0 0 0 0 0 0 0 0 0 0 0 0 0 0 0 0 0 0 0 0 0 1 1 1 
0 0 0 0 0 0 0 0 0 0 0 0 0 0 0 0 0 0 0 0 0 0 0 0 0 0 0 0 0 0 0 0 0 0 0 0 0 0 0 0 0 0 0 0 0 0 0 0 1 1 
